
Days              : 1
Hours             : 1
Minutes           : 42
Seconds           : 57
Milliseconds      : 0
Ticks             : 925770000000
TotalDays         : 1.07149305555556
TotalHours        : 25.7158333333333
TotalMinutes      : 1542.95
TotalSeconds      : 92577
TotalMilliseconds : 92577000


