
Days              : 1
Hours             : 1
Minutes           : 16
Seconds           : 25
Milliseconds      : 0
Ticks             : 909850000000
TotalDays         : 1.05306712962963
TotalHours        : 25.2736111111111
TotalMinutes      : 1516.41666666667
TotalSeconds      : 90985
TotalMilliseconds : 90985000


